Số chênh lệch:
Req1: 0.004363059997558594
Req2: 7.128715515136719e-05
Req3: 0.022507190704345703
Req4: 0.03135061264038086
Req5: 0.06714081764221191
Req6: 0.2311711311340332
Req7: 12.938480138778687
