Số chênh lệch:
Req1: 0.1954339504241943
Req2: 0.02995014190673828
Req3: 0.43986310958862307
Req4: 0.03753161430358887
Req5: 0.020891427993774414
Req6: 0.2625119686126709
Req7: 15.824618816375732
